1000 2000 88
969 28 7425
536 148 4153
949 634 9523
461 47 2493
940 92 5190
57 856 4514
598 736 86
788 796 5421
528 981 4499
394 788 5424
450 204 1634
37 508 2771
430 632 9616
398 11 2769
315 298 3274
229 217 4904
349 708 1496
990 151 2505
342 304 1144
149 231 9465
418 926 6889
293 568 2693
966 8 2492
314 926 5157
102 893 9451
288 229 5175
587 835 3443
618 596 8780
688 267 5512
927 304 6278
548 608 3709
163 882 2521
50 442 5098
911 968 6265
915 257 4960
900 811 4985
907 517 7177
910 730 9028
439 849 714
284 809 3157
75 108 4815
11 155 7829
399 67 8666
493 115 8181
319 518 8959
447 240 6610
339 931 9539
692 829 987
701 711 6461
88 438 6588
39 927 7873
851 28 978
464 399 9311
895 32 2395
993 808 6112
106 865 4334
303 561 7266
408 298 8999
663 333 9091
333 313 5723
720 779 6968
816 327 8741
740 52 9854
764 993 5033
385 49 2329
801 171 8463
452 602 4584
725 172 2542
684 905 2429
3 498 1746
446 896 3579
379 98 5560
941 890 3861
35 931 4253
872 427 4850
962 882 1370
896 94 2861
910 34 4714
1 956 515
525 64 313
369 72 947
114 43 7999
88 15 6233
950 219 7035
422 42 1064
471 627 8114
292 358 533
18 532 1325
179 614 6720
775 735 9524
124 28 4828
770 892 3077
996 433 7457
672 727 501
352 658 8164
313 408 3365
171 914 9800
325 32 6015
724 34 7479
165 265 3324
246 470 7752
472 247 6161
281 395 2015
609 525 852
480 949 2508
71 353 8435
272 658 6971
125 2 5483
29 327 2060
91 581 9473
677 47 4738
976 937 7160
488 574 6641
762 708 9172
677 770 9007
620 72 4020
137 732 6683
479 33 4872
347 270 4748
951 177 1095
872 598 4692
379 579 3836
484 74 8130
627 252 3112
645 619 8961
381 637 5825
104 896 2551
676 899 585
530 317 8146
976 487 1457
837 849 8166
944 617 9841
870 554 2514
746 424 8695
272 941 4049
71 368 3371
671 951 380
543 196 2025
836 279 8517
255 596 9762
129 936 4556
704 537 1533
788 447 6960
60 436 7431
494 88 7796
407 37 7331
129 527 2676
217 389 9643
543 811 6768
279 758 6670
867 102 3341
729 388 4640
41 499 6836
384 336 3625
475 104 9529
442 889 8513
805 516 9451
858 208 9813
714 880 6657
71 550 8354
653 903 463
116 606 2478
852 109 7642
671 508 5630
681 373 3549
370 924 5125
206 324 1857
136 290 3058
359 680 5492
818 139 4696
987 150 2891
427 225 3435
173 154 1843
964 97 4376
663 465 8279
101 63 6998
984 338 3709
162 447 3237
700 485 4900
449 768 9710
325 668 9196
569 266 7017
472 204 1162
570 28 1175
578 431 4762
630 565 6485
365 105 3141
913 581 1987
575 157 8001
456 552 3727
877 174 2597
367 639 1537
930 780 8875
314 339 2659
542 319 4087
731 582 2409
350 914 3037
600 181 4132
176 547 7690
241 710 259
974 169 9146
437 910 1497
630 258 1899
268 66 3142
299 261 4772
600 857 4453
163 716 6833
853 205 7545
466 127 3714
966 878 6129
647 920 49
304 544 1451
226 783 7401
874 612 5326
781 367 571
227 247 646
688 678 7738
411 329 285
143 97 5630
245 981 6703
207 754 2804
767 105 6812
874 587 8832
929 885 7443
27 840 6745
379 471 6107
209 365 8061
547 111 3936
26 859 4505
707 15 2008
462 305 8229
992 73 9927
675 725 6554
101 892 7314
504 459 3583
253 31 2749
38 617 4493
904 799 3186
79 730 6853
527 11 9072
237 282 2254
305 975 5055
416 733 6483
803 253 1932
825 431 115
874 953 2465
523 176 3444
225 379 7316
224 687 1208
444 435 7074
609 275 4355
444 283 9844
38 925 871
457 127 8482
10 547 7329
519 866 9224
983 659 1477
480 650 7802
727 93 6467
683 747 2110
163 278 8561
486 193 1598
82 384 3975
265 321 8157
554 655 8845
14 60 9556
824 761 7246
273 284 7749
541 445 9450
421 448 4902
513 475 7304
856 552 5737
855 527 7681
959 302 6767
669 716 1042
266 234 3176
861 278 8136
857 47 4381
254 702 9794
753 642 1908
824 62 1076
859 716 4376
732 501 31
664 804 9801
699 42 3705
816 765 614
235 961 5760
347 528 4145
438 940 4405
564 170 2753
653 794 4681
716 985 1666
545 458 3756
711 717 934
366 635 577
840 806 9856
669 597 810
202 574 1024
952 351 6826
674 513 7003
404 743 9983
25 514 3392
488 583 4046
557 478 8468
277 443 9724
703 417 7680
618 168 8333
400 442 9472
397 618 2103
100 580 6120
912 693 6519
648 130 5472
64 958 7853
469 627 5604
432 619 3689
73 945 2677
322 85 2348
323 866 8043
28 414 3988
123 983 374
806 884 6091
886 375 3808
74 475 9018
304 547 5652
41 368 1694
120 420 2003
481 783 3190
109 145 7165
46 310 2381
450 909 5635
988 164 5213
315 208 7439
392 722 1438
704 697 9841
2 308 96
646 238 3183
938 392 2046
952 738 5190
685 207 571
427 65 698
8 20 8272
956 987 3406
629 944 6618
906 646 8249
697 105 9326
237 735 6455
424 75 9334
369 210 8824
808 823 5259
409 926 4373
389 799 4706
791 553 1616
952 250 9681
908 560 3459
317 46 4724
680 815 2614
440 681 6902
552 234 5975
450 20 9881
151 694 8647
552 580 5194
707 259 7139
538 489 4483
438 93 6351
319 254 7904
797 620 2161
787 280 6310
682 859 4833
319 771 214
385 650 3739
65 642 7123
968 190 3288
79 218 9856
226 815 3878
665 835 3536
341 730 2373
456 731 4201
512 534 4060
894 591 5953
767 748 6347
664 487 344
229 549 16
380 428 7563
123 984 1109
476 545 6820
174 77 9802
201 545 4950
154 513 3303
155 208 7004
583 270 5694
447 683 1310
138 417 7786
109 725 7734
96 924 8205
735 405 4368
989 640 1608
767 704 4497
596 24 5360
866 343 658
863 183 3830
512 489 5491
307 84 7434
846 982 763
246 799 7899
602 122 8942
746 723 9375
53 243 8421
507 448 9887
663 345 9127
638 326 3907
31 260 8553
355 194 6289
36 708 1482
357 506 7211
553 787 381
827 99 4116
110 217 1662
826 320 9152
84 821 2698
199 331 6615
258 792 3862
904 812 2994
716 875 5750
111 502 1242
245 921 8487
827 909 6878
113 983 7155
186 10 2094
892 709 2193
363 844 7035
244 313 4034
832 26 1078
656 674 235
616 78 8484
153 208 7055
299 597 9163
444 596 1874
430 763 1627
394 768 600
617 834 2738
690 938 6907
844 324 9285
577 87 5316
94 413 3282
806 329 8873
336 157 2274
808 300 170
685 987 4329
563 851 3238
732 609 9600
815 185 8515
498 782 3264
619 106 2210
212 651 3740
972 302 2195
276 849 318
928 23 11
751 367 1516
162 11 3781
333 308 4804
673 133 7468
951 555 7348
701 246 2972
926 111 7226
187 16 178
74 937 4883
956 579 9754
723 773 333
955 331 3452
387 990 3721
246 225 7106
521 724 3308
656 365 1686
857 254 4832
457 158 6684
53 239 9487
26 447 7935
488 152 6836
932 975 6451
267 416 8190
148 815 665
705 293 2419
29 881 6155
757 423 3846
713 739 5933
336 696 8802
21 515 5470
739 685 7723
165 172 7825
332 251 6059
23 647 4143
876 576 7810
610 778 303
585 954 6991
927 915 44
406 677 3598
767 850 7203
467 699 349
795 30 8693
86 870 6444
724 583 4778
854 710 5411
105 804 3128
113 788 9345
695 230 3621
924 856 7894
693 903 3591
375 738 3003
157 720 6914
93 151 3303
442 134 9430
307 726 4316
195 935 660
254 803 7856
494 879 3054
35 511 4346
958 812 191
212 286 7061
41 985 4656
74 125 3068
73 44 7623
844 696 687
182 823 4077
947 424 5177
7 633 4230
615 513 5457
277 664 6161
580 275 9458
477 730 6962
838 565 4163
381 148 3086
724 200 8244
600 705 6939
521 619 4810
986 473 8571
15 712 2430
288 609 7224
921 966 7573
663 220 6437
425 768 637
526 939 110
312 443 9151
547 717 5414
482 830 6058
671 689 3489
537 514 264
253 985 5397
902 334 3400
19 660 5400
832 205 7842
784 90 8584
871 598 9167
438 102 9107
504 452 9601
176 132 1574
369 724 4902
590 30 6964
96 594 5558
564 641 9609
506 154 9864
17 600 9624
954 140 5735
306 776 1476
433 394 4319
499 650 4619
252 259 5423
340 846 2153
574 590 72
237 991 5652
684 769 4260
617 886 6778
447 232 4656
481 413 8642
273 718 3273
352 430 8536
651 127 2912
936 318 4740
597 639 6282
348 39 8000
624 132 7745
111 255 4427
48 686 5526
806 571 2354
735 795 9475
167 345 2709
223 758 264
699 824 3843
347 594 298
856 220 8135
517 239 2627
141 11 7284
386 387 5442
810 761 1947
310 361 520
198 486 5117
424 698 9799
935 157 4012
912 894 6379
887 17 8757
329 439 147
339 767 6000
189 146 367
677 909 2658
739 262 5800
224 405 1855
742 821 1680
870 744 2520
264 613 87
391 182 4985
812 993 1532
68 415 4008
224 685 6050
339 626 5349
473 752 5962
263 423 5212
694 724 5387
321 980 2296
340 582 9608
452 667 5742
142 136 8320
114 52 2286
237 749 2983
448 712 9339
670 563 6044
123 677 594
885 444 5402
472 868 6634
603 828 6998
429 318 5959
469 191 8577
676 645 7610
676 922 2083
444 493 2306
948 969 6589
541 737 1895
384 532 9533
679 332 5370
171 743 5802
483 841 1339
642 81 4359
39 265 9279
235 989 2146
578 887 2147
564 690 7571
948 334 9641
32 75 9074
318 955 845
454 282 8793
467 854 9834
545 338 160
507 70 7468
487 116 9612
43 28 4705
733 679 156
205 329 9933
789 777 5635
980 836 7727
567 735 7779
145 445 9610
643 766 9285
946 907 4645
504 887 7429
533 675 8206
896 185 8030
903 22 839
115 612 8276
323 663 672
568 569 4358
774 566 528
766 731 5559
963 636 176
271 831 5498
698 498 9784
1000 131 3057
767 522 8267
861 634 1648
704 951 8908
162 944 7915
6 884 4038
15 786 2224
227 756 3200
219 410 7523
738 356 4881
3 650 2479
518 965 5180
899 150 1217
692 855 8503
634 975 1338
509 558 3721
591 111 1452
634 6 165
824 338 9676
344 924 1078
294 876 8554
832 774 9942
645 462 1062
476 493 6522
688 697 483
783 117 6107
924 210 2796
389 411 710
727 527 7295
919 357 4940
197 711 9933
433 15 4737
237 881 7768
908 489 8935
811 919 5383
644 319 4286
83 252 4429
708 80 9273
322 431 7851
284 815 4384
591 378 8780
899 977 9831
925 706 7716
687 369 8674
77 935 44
212 477 9154
338 19 2778
457 400 768
613 783 2880
49 146 8506
678 758 773
844 971 4579
867 849 8919
902 764 9193
221 240 7865
571 779 8778
88 492 6754
25 168 1245
537 581 7639
135 969 1176
974 716 7362
372 789 4248
355 8 9738
462 349 5171
454 154 3325
243 991 5770
73 648 6634
538 900 6594
381 647 8564
507 919 3158
995 338 5837
824 112 2562
631 711 7952
327 13 3013
154 404 8998
858 109 5190
304 432 9933
500 521 4190
600 87 3062
914 966 1146
832 216 4333
141 918 1022
670 518 132
318 587 8124
519 827 3789
679 562 5691
618 787 5623
967 297 8959
277 875 7359
9 813 2364
109 925 2277
606 121 1954
72 79 2213
150 55 3434
360 523 6388
228 410 3680
641 131 9880
344 43 4947
550 130 6064
851 709 3265
344 972 8839
27 851 8673
79 823 1130
983 975 6333
9 566 1629
849 218 6225
579 350 7437
264 745 6686
322 693 3643
794 539 8011
99 433 6279
107 305 8518
34 850 3079
804 366 921
352 621 7215
312 361 2834
847 121 4766
860 181 7619
378 658 3663
812 822 997
89 972 2690
109 917 6614
333 469 7054
882 51 6973
472 29 6045
545 215 2640
341 192 5530
518 7 6887
574 597 2061
364 755 3192
251 232 7941
622 331 3971
719 587 5010
574 226 5042
227 635 2430
341 721 7868
380 776 8661
750 992 5295
766 755 3716
159 248 4887
295 348 6839
81 929 1854
83 493 839
853 303 2713
185 152 9539
910 39 7999
952 691 4041
373 162 2371
945 676 5186
789 112 4121
288 837 9925
320 302 4661
856 704 368
609 885 6154
699 683 9965
198 800 7494
386 590 9650
40 335 9983
628 1000 3133
969 662 9025
640 846 7491
290 138 8783
784 467 5835
452 549 9021
463 305 3304
205 654 5400
598 615 1308
823 959 5058
769 935 1457
950 735 4752
293 932 3649
972 195 6257
844 116 2362
433 165 8799
856 616 5636
618 511 379
443 693 1317
912 295 1015
211 670 9570
590 998 2889
506 970 9285
977 117 7759
975 400 7258
840 12 5465
827 938 7006
942 98 1722
998 170 1090
712 858 2634
548 357 4345
430 625 7464
597 534 732
337 605 3078
107 976 7127
736 752 2218
138 295 4401
984 371 8112
234 771 1956
892 139 2431
992 393 8647
173 952 1892
289 737 377
206 363 7426
260 699 1571
678 341 2598
20 397 3616
278 643 3573
955 393 4179
454 740 4750
123 872 7820
953 849 1912
49 479 6823
179 456 5321
232 786 4138
52 943 1321
324 731 524
392 212 2236
198 817 6546
924 447 3544
535 564 7765
906 427 8987
905 562 6258
657 110 9319
105 387 7485
991 610 9583
454 798 8151
708 994 6607
279 674 3065
673 566 8405
267 766 3553
269 906 5421
356 182 6159
521 254 6623
57 196 2617
305 353 1201
139 382 7989
880 269 8738
455 289 4713
543 245 3078
318 614 1244
702 278 4379
52 916 8313
873 230 9246
134 339 6265
940 678 7291
726 466 3035
625 284 9784
869 662 5747
628 324 383
349 360 4781
689 693 9517
460 285 8617
511 719 3825
781 25 5041
163 502 9760
175 49 4752
833 842 5407
774 888 4346
248 635 1950
380 198 9919
546 524 5040
586 655 2607
977 691 5992
799 821 5195
576 930 9277
438 540 2163
612 954 3564
551 627 4496
848 620 7215
530 808 7343
74 322 945
291 198 6403
15 771 1342
930 249 1499
869 73 7098
818 353 7201
55 223 4178
902 444 4530
634 281 2057
634 456 8401
613 608 5332
725 717 8143
77 31 7042
352 247 7227
717 381 3641
521 36 5772
101 627 7119
94 188 5983
161 818 3776
166 10 3873
50 480 1165
975 258 5935
131 94 3888
409 791 1181
708 82 8029
573 677 2951
998 413 4099
379 568 4146
258 229 1433
787 505 1792
694 277 8434
233 601 3635
260 813 390
510 226 7120
946 282 4700
750 150 9035
83 672 8476
787 701 5523
539 18 5448
471 895 3913
326 406 491
849 709 3617
225 417 8832
115 929 8806
888 644 2367
45 382 4668
933 771 3443
310 808 8443
95 267 7223
586 681 6403
687 83 4240
967 115 9013
463 845 8466
127 164 5957
29 850 7541
316 602 5920
9 197 5964
128 590 7800
171 69 8122
942 526 5184
403 478 687
703 635 7840
702 592 8282
775 375 7661
802 376 9758
153 851 1200
533 161 9601
831 743 6556
597 342 479
330 473 7107
192 541 9573
210 751 2567
764 662 6569
624 852 1888
294 433 8362
372 101 6914
371 91 6719
432 968 9467
196 481 1934
265 632 9005
204 463 4759
330 611 1014
743 88 6091
246 890 8329
884 590 8576
652 907 4187
228 207 9432
77 23 8559
247 327 8861
462 123 71
796 433 2705
816 810 9792
874 605 676
923 266 4660
4 864 4776
514 412 8674
515 369 4971
508 690 2344
739 188 8059
77 912 7101
796 946 8424
879 631 7490
147 479 4152
895 155 4871
949 946 2975
282 579 8080
695 601 2470
773 95 7635
749 640 4783
143 567 6004
458 867 5459
596 731 9205
206 432 375
364 61 2408
292 313 1068
295 488 4973
96 264 9590
917 614 7504
845 265 9741
153 926 2849
809 271 8403
351 464 9356
902 436 5827
747 942 2936
129 267 2913
844 735 8988
190 618 8028
985 434 716
659 374 4598
661 215 9020
871 190 6655
716 335 4680
195 575 4860
255 335 7130
324 395 6029
384 50 5344
532 237 6320
775 45 592
493 644 8053
568 233 4742
926 579 1746
60 716 3755
603 421 5301
744 120 1242
397 761 9427
156 457 5087
246 878 307
170 224 1487
726 810 4628
903 508 9191
997 529 4891
630 581 44
175 234 3339
495 266 6889
222 467 7009
6 690 3892
234 433 4906
311 31 5002
783 384 211
147 981 5395
396 238 7896
624 239 3286
6 611 9740
807 766 1581
753 701 9003
827 998 9444
531 383 2628
956 666 8049
668 770 5095
416 215 1722
707 254 9878
563 303 9164
168 441 8937
938 569 412
575 434 4011
263 808 7423
501 891 7316
48 931 6546
891 354 2539
153 634 2320
888 707 9293
495 927 3230
394 81 8915
514 858 4570
594 717 6577
388 257 9827
708 968 7945
431 423 4796
333 604 1623
118 324 8099
717 793 9424
774 214 5509
589 481 9296
726 100 8985
762 901 2186
15 825 3803
344 489 3669
855 354 5102
659 92 9256
523 693 2356
385 989 2409
148 916 2051
274 374 9525
986 244 1132
691 272 4942
760 762 8582
318 282 9145
917 119 8699
878 537 4443
404 105 5970
545 575 1332
995 176 3111
831 388 470
590 936 9462
40 387 1109
782 997 7143
358 731 5112
225 681 4775
594 906 6296
615 698 4591
234 527 3260
32 696 3847
855 901 1275
93 292 491
726 72 7296
163 182 8410
418 400 1385
912 435 5265
395 824 737
297 179 7641
260 514 383
304 23 3618
320 960 9514
576 495 4203
119 595 807
684 673 7352
685 558 2871
803 268 9686
697 112 5583
372 299 3632
388 577 6633
834 160 5906
628 989 6904
231 551 2675
355 927 9399
63 731 3902
405 260 2710
218 312 4088
645 375 5292
361 448 8754
217 580 5117
727 610 1489
452 196 103
395 350 7351
803 60 9736
757 513 2055
452 709 7143
883 546 3913
883 728 5695
38 596 1769
455 828 2481
390 668 3484
697 921 632
167 185 7256
999 78 4268
956 698 4631
555 135 9027
784 29 9250
123 250 8626
264 722 2493
646 425 8846
533 771 5163
234 256 2111
643 162 4815
173 435 7031
877 934 4820
491 236 6042
97 412 4007
310 617 3526
800 908 2564
448 236 1687
280 649 6626
967 832 8579
226 200 7797
718 885 9404
461 717 8001
607 761 4065
510 585 4730
567 84 3308
760 86 9583
907 771 5298
706 734 1225
400 998 1782
372 84 7551
28 753 6952
306 323 8696
973 744 3356
700 557 7695
28 257 1913
926 378 2277
530 627 8982
959 192 7696
464 18 2401
259 741 8005
855 995 336
351 21 6616
662 449 5071
844 408 6184
777 441 8428
197 7 7443
143 44 236
160 296 2278
600 359 8116
421 414 8355
547 755 5526
906 360 6163
910 55 9368
777 548 4297
776 360 6767
499 100 5895
926 848 6357
84 117 6367
787 543 6410
552 960 5223
808 733 4412
163 617 7106
245 412 8759
279 63 9511
610 269 9803
440 631 2182
176 218 6470
333 646 4594
432 274 6205
751 582 7173
217 639 417
919 396 5487
456 849 9941
936 391 7877
887 897 8587
58 600 5795
631 682 5199
749 620 3595
67 777 2152
724 752 4632
813 346 7008
710 557 2655
651 570 715
145 766 4818
556 210 5735
744 827 8151
542 131 159
674 816 6789
522 567 171
502 638 6135
795 156 321
469 927 3573
699 561 7505
798 106 4509
175 268 8440
238 86 8248
699 254 1263
737 323 8761
249 270 6437
611 549 9626
881 2 2111
537 511 4125
290 773 272
949 261 3730
222 730 4980
339 370 3272
200 703 5048
760 821 6283
868 974 6697
955 444 9825
730 449 603
977 702 923
638 160 8029
801 109 4047
623 843 960
105 419 1178
360 233 2172
508 458 9283
761 541 1692
368 427 9231
145 516 4060
973 296 6512
636 186 4652
924 81 436
89 113 7126
120 733 9962
785 619 8999
522 56 3312
164 808 4359
196 657 7073
225 593 7406
732 844 3513
881 980 9884
207 959 6949
286 126 532
49 504 4528
351 553 9667
943 782 367
680 889 2854
312 567 1478
410 232 8338
504 456 1661
465 386 5680
105 975 9117
142 876 9870
418 778 3710
95 287 6103
508 133 7098
343 137 1398
163 333 8781
749 171 644
676 568 9554
98 26 1145
87 28 2524
783 205 5026
328 84 7074
23 670 172
224 226 4910
884 260 8559
90 928 4616
939 395 345
107 210 23
474 502 3520
159 238 6531
845 64 8148
671 72 9672
409 669 1791
835 455 9590
163 581 9955
572 650 8380
924 100 5245
872 157 147
546 735 5120
567 311 99
688 561 3685
703 990 5260
567 726 2112
889 621 3244
208 343 1781
818 905 2961
290 683 2369
624 290 8627
128 68 1195
182 715 9037
504 917 6737
143 430 887
300 618 7349
282 432 2514
782 377 2003
436 914 4885
902 878 6375
405 833 7428
727 526 5610
667 369 4481
161 496 1743
478 184 3889
872 228 4149
192 927 8612
844 881 4218
961 629 9453
47 414 2885
700 912 6635
124 20 6153
143 445 9911
542 699 5763
994 804 3091
498 830 9732
935 180 6364
350 496 7959
647 622 8576
209 652 2662
196 933 6495
736 625 4896
959 309 4361
66 778 3213
402 361 4774
119 705 9010
596 993 6469
819 133 7810
485 234 415
837 587 258
898 504 6572
957 117 6057
884 129 3722
170 768 6890
333 322 6981
878 724 2623
995 149 413
763 27 8815
936 619 1631
717 152 8125
617 264 575
273 600 6592
506 401 2696
587 266 2892
189 254 9693
144 247 7269
514 700 3459
407 967 130
316 800 1035
806 719 8195
604 813 5712
559 511 4475
497 663 2539
503 795 8376
766 280 8756
979 766 3939
864 995 3050
893 886 2690
456 147 2751
376 462 6961
934 94 755
302 578 110
699 8 9743
814 421 3935
368 124 2573
45 840 3246
453 61 8161
353 638 7768
106 482 9760
367 153 1762
11 752 8800
7 326 6398
470 44 2829
933 815 6805
973 575 3734
353 424 1815
310 794 8336
13 432 3175
579 425 7834
903 426 4906
829 980 3941
267 530 4198
807 638 863
924 625 395
5 566 54
424 572 679
531 299 5126
599 676 6003
39 866 4035
609 208 9268
18 948 1410
517 828 43
863 429 4851
546 624 251
760 660 7518
381 312 5327
845 801 9917
695 326 6601
135 549 4002
266 1 3434
735 367 6139
976 175 3175
390 516 8978
55 92 9179
464 972 6276
500 623 9870
961 746 7819
914 415 1091
460 732 7302
998 371 9887
891 207 5022
80 299 7238
327 476 5878
80 146 3995
320 812 3396
574 59 2020
245 563 5340
883 557 1063
332 952 7736
223 451 4430
298 672 8373
409 174 1172
934 26 1547
257 928 9646
37 736 6695
103 821 2568
801 536 3494
141 344 2103
860 138 7576
674 160 13
423 207 3798
208 773 6523
199 467 1949
840 723 7660
587 931 2382
786 196 8633
292 584 9838
906 217 1310
785 738 758
832 665 2378
256 835 9019
577 798 7967
782 91 3313
587 826 8266
497 570 5148
227 894 8671
51 567 6402
401 879 3481
683 99 9899
713 932 3518
830 173 1134
592 947 6391
532 442 1499
911 188 6245
797 177 6062
611 412 500
114 528 9716
299 775 8424
267 926 8308
293 972 8395
396 490 2341
660 206 3165
890 111 3501
679 695 2344
819 85 5192
38 520 5320
245 407 6864
125 750 5822
813 583 1760
493 4 9521
128 715 5370
230 760 2092
534 875 8350
772 978 3749
930 130 4623
433 900 8793
534 203 6914
779 844 7421
451 108 1171
703 302 9832
132 61 737
504 619 2111
524 381 8943
122 363 6854
795 415 7711
528 86 2449
616 110 1619
216 875 4860
178 870 6455
389 767 4742
806 778 8139
916 608 2240
548 486 9919
735 681 1595
500 53 283
898 248 5198
940 740 7737
16 146 9847
925 641 9532
32 943 1008
504 573 8874
82 270 6029
156 198 5286
773 350 6411
38 814 261
537 263 5344
259 637 5174
285 92 2238
178 447 778
702 138 5521
243 743 5755
377 449 4484
38 868 8878
526 221 4747
175 664 3341
182 474 1786
86 781 7665
471 855 3459
15 417 1928
590 219 8028
642 352 4156
549 360 7929
971 675 2393
565 447 812
274 807 612
443 981 6537
476 694 1847
551 377 7779
76 745 9923
886 53 5928
531 346 2781
965 767 9609
415 622 6846
409 752 7472
917 24 1717
352 587 9879
186 389 1328
930 456 6395
10 220 2912
477 532 6057
643 951 5219
527 733 7050
736 287 9105
478 685 9263
624 791 1021
257 452 8094
363 301 4501
769 387 833
455 659 5705
86 69 6261
187 880 7337
512 304 9154
592 234 51
584 813 4752
489 79 1136
317 963 709
595 518 9405
158 450 8656
406 493 8507
908 181 2984
797 751 2486
875 964 7361
741 240 8690
78 70 8930
894 175 1573
983 793 1535
649 503 447
243 111 8867
81 388 9307
313 656 8236
747 405 1617
150 596 4075
130 655 4096
599 784 82
185 973 6999
972 397 6279
122 101 8281
499 662 6842
873 362 6533
989 483 2342
271 294 2519
703 321 4688
756 847 4184
449 977 6609
6 776 8717
897 688 8121
820 116 303
732 964 924
686 618 6769
678 647 7466
978 705 9920
522 747 1305
838 298 7930
12 167 3618
958 801 5195
46 859 6247
619 609 3615
548 501 9815
752 23 8270
535 650 8448
731 821 2298
243 69 1660
492 796 3331
955 710 8564
49 716 5485
371 842 395
476 464 7782
863 12 4041
506 521 6581
700 18 5701
245 209 717
194 292 3449
946 639 4637
339 224 5866
438 417 7043
848 569 7950
463 556 2581
654 418 7866
205 35 5330
990 939 4478
713 457 2378
975 71 9217
182 86 1312
659 233 428
671 601 2561
419 316 8423
760 600 4768
327 51 4628
546 156 329
290 623 9322
703 166 5536
77 214 1369
680 566 4641
334 350 2016
161 695 1171
555 389 3703
914 337 8051
589 284 1418
345 753 8469
860 948 3258
486 457 6458
175 735 549
635 903 9483
206 958 8344
719 77 3802
972 853 1436
268 432 1253
714 72 3343
25 246 7695
339 759 4600
433 977 4638
942 63 1306
862 155 6745
831 419 4452
737 952 2292
575 417 2222
372 790 8094
963 845 2040
817 413 4505
511 695 3497
537 715 2630
276 296 208
469 72 141
475 166 7288
21 26 7311
618 655 5623
205 480 4425
805 223 6560
537 685 6142
408 661 3011
282 393 7379
731 542 1544
896 468 995
986 500 1398
286 754 6235
263 473 6413
807 466 6165
13 995 6976
222 235 3422
316 497 9122
653 769 6137
376 893 6664
286 91 7081
396 435 1008
894 967 2244
593 582 6309
883 453 7081
63 522 1113
423 88 5957
663 849 9599
557 1 2329
78 526 5117
394 825 4508
852 734 1774
498 775 6269
160 962 7376
490 564 4187
551 974 853
17 390 1760
5 459 8509
181 490 2063
564 179 678
861 936 2147
12 512 2724
992 452 2088
709 198 7320
755 54 2010
760 99 9114
729 766 5984
531 328 8753
260 198 1383
966 10 6789
400 170 7083
613 588 6762
546 176 3151
519 562 8588
962 533 3986
893 226 1390
929 785 9074
27 210 436
313 29 9412
363 894 2996
369 182 9739
70 468 6820
189 994 5676
302 677 1832
627 456 9196
325 80 1577
651 918 520
805 443 6210
734 204 5169
308 839 746
176 59 317
358 414 9759
727 263 770
517 771 461
397 899 9507
703 895 9008
727 446 3744
36 389 8572
759 250 1764
126 203 4214
195 601 3689
55 567 4474
590 751 6637
15 85 9474
830 550 248
224 29 9452
886 342 2189
845 60 4878
438 929 9062
738 79 2778
836 998 6024
866 363 1492
469 381 6855
408 544 8155
55 802 7807
489 782 3778
388 732 193
205 879 8602
25 508 176
6 435 9375
248 943 6209
444 919 3625
237 816 3064
343 35 1269
226 957 1591
972 84 1771
84 585 2041
602 498 995
415 604 1978
821 494 6767
755 293 7986
170 256 8926
242 395 2074
4 293 2262
223 684 6587
259 986 1711
652 648 1272
26 985 8391
707 974 3619
456 697 1570
845 233 6666
373 273 8516
416 777 7900
963 10 5035
848 732 5723
143 843 6101
154 468 5101
959 108 4078
586 978 8511
476 508 5930
483 708 1953
517 173 1179
588 501 9645
270 214 8843
54 31 7327
238 512 4547
49 384 5116
735 275 9316
282 447 9
492 81 8468
814 767 7151
269 174 5240
109 503 2244
286 624 5948
68 213 8315
180 19 5090
384 322 2653
822 335 2912
225 814 1892
379 204 3035
626 220 7530
17 626 4960
361 80 8192
852 498 2942
324 990 7798
941 748 8067
380 856 4357
102 600 8970
963 996 168
959 727 2346
335 816 8207
307 126 1345
218 513 8262
766 703 9135
231 204 3482
829 171 4367
649 211 1161
619 750 6623
447 722 6473
187 999 1407
876 832 1024
190 624 847
142 586 9295
601 696 5980
76 506 175
280 610 9293
863 856 1875
976 197 2825
587 740 4684
206 969 932
293 312 9454
913 477 6749
818 527 7431
464 106 9854
32 118 1627
253 622 4403
988 518 4553
282 113 8093
684 792 7131
17 475 6136
99 727 385
23 716 8703
627 330 2823
849 187 947
948 933 7379
63 617 1949
866 674 1287
567 91 2717
341 138 6847
143 588 6245
87 227 1960
873 587 71
816 109 4613
557 395 8710
828 267 1969
851 523 2010
78 185 3884
541 144 4432
522 466 8668
181 362 5193
59 838 561
396 401 1052
437 501 5313
313 794 3052
168 993 9252
557 255 2563
30 808 1475
28 913 3946
439 815 8354
213 819 6473
113 692 4833
824 183 7285
423 930 6863
683 167 4603
378 483 8769
656 799 5447
793 535 3323
459 998 9005
863 548 8026
535 731 2330
229 182 7924
392 386 8584
395 573 9063
744 781 9417
48 324 764
254 607 6162
368 33 6531
425 780 1343
121 960 4682
483 759 9633
325 510 9153
2
166 348
2
208 1241
5
1246 1478 539 1172 172
4
986 1237 1147 973
1
469
5
775 1483 1488 1330 1973
1
1210
5
1611 277 1083 514 1651
5
1400 1173 663 1284 445
5
1267 100 787 1860 1133
4
255 1628 317 77
2
1466 504
4
365 238 995 1077
3
131 1497 1416
2
380 445
5
1198 1042 1251 333 203
1
175
4
1478 642 1534 658
2
1343 1659
5
1183 289 1113 8 320
4
1583 343 1917 960
3
789 494 492
1
1234
2
1433 664
2
926 231
1
1968
3
239 1587 682
2
1504 1144
2
725 1299
2
1997 1823
5
1701 1756 461 253 58
2
514 163
4
1248 910 1270 1013
4
206 681 733 599
4
157 1997 1140 397
1
66
2
1279 556
5
1514 492 225 1347 664
4
905 672 1022 497
3
1449 287 643
1
1985
3
1959 984 1350
1
645
4
510 1762 1857 22
1
334
4
1228 80 1190 326
5
372 209 1298 1654 929
5
433 949 1229 1337 215
4
1405 468 1262 1595
3
238 393 1899
4
420 928 532 20
1
352
4
1431 1964 1340 152
5
712 1299 750 670 1046
4
1123 714 1467 613
5
137 1499 1353 400 1541
1
589
3
994 601 1121
1
722
3
643 971 41
5
1859 167 566 759 93
5
1077 1877 668 516 1275
3
1649 1770 1896
2
495 580
2
1216 1465
5
825 1030 783 1463 50
1
863
4
1997 1503 363 724
3
431 771 311
5
675 1186 221 1316 122
4
509 1265 177 913
1
805
4
1242 1429 119 207
4
883 260 745 757
2
797 133
4
1321 481 199 1266
5
1075 670 815 1625 1665
3
646 1706 1893
3
1795 604 264
5
861 254 62 407 758
3
1731 192 1639
2
1169 1558
5
719 1663 1350 24 700
3
403 1460 784
2
1114 923
1
1792
5
1174 609 1302 1386 1460
3
447 947 1031
690 579
244 43
371 312
60 990
158 796
412 526
57 422
135 121
57 266
743 192
228 836
229 156
79 405
340 442
194 795
748 665
466 506
756 163
745 556
909 13
624 313
528 690
947 700
938 704
252 390
998 259
17 705
653 638
522 403
45 313
284 197
193 613
946 823
564 256
562 135
291 832
785 916
988 658
399 609
285 187
738 742
106 906
18 794
842 289
908 308
189 51
123 379
361 587
79 393
910 618
163 79
435 887
569 317
194 629
96 319
807 422
284 830
56 527
264 305
653 366
646 383
209 126
213 224
561 309
438 861
179 745
888 305
757 569
544 986
399 836
397 718
776 707
156 405
484 105
711 912
187 689
464 449
531 954
730 446
166 582
841 637
539 360
840 294
183 349
143 823
205 873
858 263
148 352
